Date;Open;High;Low;Close;Volume;Adj Close
2012-01-24;425.1;425.1;419.55;420.41;19226900;420.41
2012-01-23;422.67;428.45;422.3;427.41;10915800;427.41
2012-01-20;427.49;427.5;419.75;420.3;14758300;420.3
2012-01-19;430.15;431.37;426.51;427.75;9332700;427.75
2012-01-18;426.96;429.47;426.3;429.11;9872800;429.11
2012-01-17;424.2;425.99;422.96;424.7;8658700;424.7
2012-01-13;419.7;420.45;418.66;419.81;8072200;419.81
2012-01-12;422.28;422.9;418.75;421.39;7592400;421.39
2012-01-11;422.68;422.85;419.31;422.55;7681600;422.55
2012-01-10;425.91;426;421.5;423.24;9221300;423.24
2012-01-09;425.5;427.75;421.35;421.73;14060600;421.73
2012-01-06;419.77;422.75;419.22;422.4;11367600;422.4
2012-01-05;414.95;418.55;412.67;418.03;9675800;418.03
2012-01-04;410;414.68;409.28;413.44;9286500;413.44
2012-01-03;409.4;412.5;409;411.23;10793600;411.23
2011-12-30;403.51;406.28;403.49;405;6416500;405
2011-12-29;403.4;405.65;400.51;405.12;7713500;405.12
2011-12-28;406.89;408.25;401.34;402.64;8166500;402.64
2011-12-27;403.1;409.09;403.02;406.53;9467000;406.53
2011-12-23;399.69;403.59;399.49;403.33;9621400;403.33
2011-12-22;397;399.13;396.1;398.55;7209900;398.55
2011-12-21;396.69;397.3;392.01;396.45;9367000;396.45
2011-12-20;387.76;396.1;387.26;395.95;12043400;395.95
2011-12-19;382.47;384.85;380.48;382.21;8388500;382.21
2011-12-16;380.36;384.15;379.57;381.02;15052800;381.02
2011-12-15;383.33;383.74;378.31;378.94;9150000;378.94
2011-12-14;386.7;387.38;377.68;380.19;14531700;380.19
2011-12-13;393;395.4;387.1;388.81;12104600;388.81
2011-12-12;391.68;393.9;389.45;391.84;10693500;391.84
2011-12-09;392.85;394.04;391.03;393.62;10606900;393.62
2011-12-08;391.45;395.5;390.23;390.66;13428900;390.66
2011-12-07;389.93;390.94;386.76;389.09;10883800;389.09
2011-12-06;392.51;394.63;389.38;390.95;10128500;390.95
2011-12-05;393.49;396.41;390.39;393.01;12757500;393.01
2011-12-02;389.83;393.63;388.58;389.7;13537700;389.7
2011-12-01;382.54;389;380.75;387.93;13709400;387.93
2011-11-30;381.29;382.28;378.3;382.2;14497800;382.2
2011-11-29;375.84;378.83;370.2;373.2;13423400;373.2
2011-11-28;372.35;376.72;370.33;376.12;12371900;376.12
2011-11-25;368.42;371.15;363.32;363.57;9098600;363.57
2011-11-23;374.51;375.84;366.88;366.99;15295400;366.99
2011-11-22;371.02;377.93;370.94;376.51;14607900;376.51
2011-11-21;370.4;371.68;365.91;369.01;15999300;369.01
2011-11-18;378.92;379.99;374.88;374.94;13283500;374.94
2011-11-17;383.98;384.58;375.5;377.41;17139300;377.41
2011-11-16;389.25;391.14;384.32;384.77;12449900;384.77
2011-11-15;380.8;389.5;379.45;388.83;15386100;388.83
2011-11-14;383.52;385.25;378.2;379.26;15460900;379.26
2011-11-11;386.61;388.7;380.26;384.62;23338400;384.62
2011-11-10;397.03;397.21;382.15;385.22;26598300;385.22
2011-11-09;396.97;400.89;394.23;395.28;19926700;395.28
2011-11-08;402.21;408;401.56;406.23;14278400;406.23
2011-11-07;399.91;400;396.13;399.73;9641000;399.73
2011-11-04;402.03;403.44;399.16;400.24;10772400;400.24
2011-11-03;399.07;403.4;395.36;403.07;15763800;403.07
2011-11-02;400.09;400.44;395.11;397.41;11691100;397.41
2011-11-01;397.41;399.5;393.22;396.51;18974200;396.51
2011-10-31;402.42;409.33;401.05;404.78;13767900;404.78
2011-10-28;403;406.35;402.51;404.95;11515200;404.95
2011-10-27;407.56;409;401.89;404.69;17666600;404.69
2011-10-26;401.76;402.55;393.15;400.6;16279000;400.6
2011-10-25;405.03;406.55;397.38;397.77;15372400;397.77
2011-10-24;396.18;406.5;395.4;405.77;17933500;405.77
2011-10-21;398.1;399.14;390.75;392.87;22161600;392.87
2011-10-20;400;400.35;394.21;395.31;19616800;395.31
2011-10-19;401.35;408.42;397.8;398.62;39407100;398.62
2011-10-18;421.76;424.81;415.99;422.24;31232500;422.24
2011-10-17;421.74;426.7;415.94;419.99;24478400;419.99
2011-10-14;416.83;422;415.27;422;20450000;422
2011-10-13;404.98;408.43;402.85;408.43;15177900;408.43
2011-10-12;407.34;409.25;400.14;402.19;22206600;402.19
2011-10-11;392.57;403.18;391.5;400.29;21609800;400.29
2011-10-10;379.09;388.81;378.21;388.81;15769200;388.81
2011-10-07;375.78;377.74;368.49;369.8;19123500;369.8
2011-10-06;373.33;384.78;371.8;377.37;29008700;377.37
2011-10-05;367.86;379.82;360.3;378.25;28075700;378.25
2011-10-04;374.57;381.8;354.24;372.5;44035800;372.5
2011-10-03;380.37;382.64;373.17;374.6;23876300;374.6
2011-09-30;387.12;388.89;381.18;381.32;19558600;381.32
2011-09-29;401.92;402.21;386.21;390.57;23253100;390.57
2011-09-28;400.19;403.74;396.51;397.01;15344200;397.01
2011-09-27;408.73;409.25;398.06;399.26;22566600;399.26
2011-09-26;399.86;403.98;391.3;403.17;29015500;403.17
2011-09-23;400.28;406.74;399.85;404.3;19509900;404.3
2011-09-22;401.03;409.82;396.7;401.82;34562600;401.82
2011-09-21;419.64;421.59;412;412.14;21612300;412.14
2011-09-20;415.25;422.86;411.19;413.45;27689900;413.45
2011-09-19;397;413.23;395.2;411.63;29375800;411.63
2011-09-16;395.54;400.5;395.03;400.5;24915500;400.5
2011-09-15;391.43;393.66;389.9;392.96;14887800;392.96
2011-09-14;387.02;392.21;385.76;389.3;19084600;389.3
2011-09-13;382.14;386.21;380.25;384.62;15734300;384.62
2011-09-12;373;380.88;371.9;379.94;16697300;379.94
2011-09-09;383.93;386;375.02;377.48;20171900;377.48
2011-09-08;382.4;388.61;382.31;384.14;14839800;384.14
2011-09-07;385.56;385.6;382;383.93;12492000;383.93
2011-09-06;367.37;380.33;366.48;379.74;18173500;379.74
2011-09-02;374.74;378;371.83;374.05;15676400;374.05
2011-09-01;385.82;387.34;380.72;381.03;12262500;381.03
2011-08-31;390.57;392.08;381.86;384.83;18663800;384.83
2011-08-30;388.25;391.84;386.21;389.99;14908500;389.99
2011-08-29;388.18;391.5;388;389.97;14453300;389.97
2011-08-26;371.17;383.8;370.8;383.58;22892600;383.58
2011-08-25;365.08;375.45;365;373.72;31098800;373.72
2011-08-24;373.47;378.96;370.6;376.18;20914300;376.18
2011-08-23;360.3;373.64;357;373.6;23444500;373.6
2011-08-22;364.51;364.88;355.09;356.44;19091100;356.44
2011-08-19;362.17;367;356;356.03;27697100;356.03
2011-08-18;370.84;372.65;361.37;366.05;30385000;366.05
2011-08-17;382.31;384.52;378;380.44;15733200;380.44
2011-08-16;381.52;383.37;376.06;380.48;17812500;380.48
2011-08-15;379.63;384.97;378.09;383.41;16436700;383.41
2011-08-12;378.07;379.64;374.23;376.99;18879800;376.99
2011-08-11;370.52;375.45;364.72;373.7;26482900;373.7
2011-08-10;371.15;374.65;362.5;363.69;31358700;363.69
2011-08-09;361.3;374.61;355;374.01;38629400;374.01
2011-08-08;361.69;367.77;353.02;353.21;40810600;353.21
2011-08-05;380.44;383.5;362.57;373.62;42992200;373.62
2011-08-04;389.41;391.32;377.35;377.37;31083700;377.37
2011-08-03;390.98;393.55;382.24;392.57;26388200;392.57
2011-08-02;397.65;397.9;388.35;388.91;22810100;388.91
2011-08-01;397.78;399.5;392.37;396.75;21829000;396.75
2011-07-29;387.64;395.15;384;390.48;22568800;390.48
2011-07-28;391.62;396.99;388.13;391.82;21200200;391.82
2011-07-27;400.59;402.64;392.15;392.59;23523900;392.59
2011-07-26;400;404.5;399.68;403.41;17006300;403.41
2011-07-25;390.35;400;389.62;398.5;21045000;398.5
2011-07-22;388.32;395.05;387.75;393.3;18395400;393.3
2011-07-21;386.95;390.06;383.9;387.29;18787700;387.29
2011-07-20;396.12;396.27;386;386.9;33590100;386.9
2011-07-19;378;378.65;373.32;376.85;29140700;376.85
2011-07-18;365.43;374.65;365.28;373.8;20419100;373.8
2011-07-15;361.17;365;359.17;364.92;17265800;364.92
2011-07-14;361.01;361.61;356.34;357.77;15346300;357.77
2011-07-13;358.33;360;356.38;358.02;13973300;358.02
2011-07-12;353.53;357.68;348.62;353.75;16113400;353.75
2011-07-11;356.34;359.77;352.82;354;15809800;354
2011-07-08;353.34;360;352.2;359.71;17486900;359.71
2011-07-07;354.67;358;354;357.2;14260500;357.2
2011-07-06;348.95;354.1;346.71;351.76;15868100;351.76
2011-07-05;343;349.83;342.5;349.43;12680500;349.43
2011-07-01;335.95;343.5;334.2;343.26;15732300;343.26
2011-06-30;334.7;336.13;332.84;335.67;11534100;335.67
2011-06-29;336.04;336.37;331.88;334.04;12590900;334.04
2011-06-28;333.65;336.7;333.44;335.26;10496800;335.26
2011-06-27;327.59;333.9;327.25;332.04;12136200;332.04
2011-06-24;331.37;333.15;325.09;326.35;15707400;326.35
2011-06-23;318.94;331.69;318.12;331.23;19964300;331.23
2011-06-22;325.16;328.9;322.38;322.61;13933100;322.61
2011-06-21;316.68;325.8;315.2;325.3;17610000;325.3
2011-06-20;317.36;317.7;310.5;315.32;22867200;315.32
2011-06-17;328.99;329.25;319.36;320.26;21965000;320.26
2011-06-16;326.9;328.68;318.33;325.16;18220500;325.16
2011-06-15;329.75;330.3;324.88;326.75;14257000;326.75
2011-06-14;330;333.25;329.31;332.44;11938400;332.44
2011-06-13;327.2;328.31;325.07;326.6;11766900;326.6
2011-06-10;330.55;331.66;325.51;325.9;15498400;325.9
2011-06-09;333.25;333.67;330.75;331.49;9824600;331.49
2011-06-08;331.78;334.8;330.65;332.24;11918700;332.24
2011-06-07;338.17;338.22;331.9;332.04;18920900;332.04
2011-06-06;345.7;347.05;337.81;338.04;16485800;338.04
2011-06-03;343.18;345.33;342.01;343.44;11187500;343.44
2011-06-02;346.5;347.98;344.3;346.1;12099400;346.1
2011-06-01;348.87;352.13;344.65;345.51;19786900;345.51
2011-05-31;341.1;347.83;341;347.83;14892600;347.83
2011-05-27;334.8;337.63;334.31;337.41;7271400;337.41
2011-05-26;335.97;336.89;334.43;335;7948600;335
2011-05-25;333.43;338.56;332.85;336.78;10500200;336.78
2011-05-24;335.5;335.9;331.34;332.19;11497400;332.19
2011-05-23;329.97;335.98;329.42;334.4;13651700;334.4
2011-05-20;339.56;340.95;335.02;335.22;12070300;335.22
2011-05-19;342.08;342.41;338.67;340.53;9308100;340.53
2011-05-18;336.47;341.05;336;339.87;11931800;339.87
2011-05-17;332;336.14;330.73;336.14;16154800;336.14
2011-05-16;339.2;341.22;332.6;333.3;16063400;333.3
2011-05-13;345.66;346.25;340.35;340.5;11647000;340.5
2011-05-12;346.12;347.12;342.27;346.57;11400000;346.57
2011-05-11;349.02;350;345.24;347.23;11952700;347.23
2011-05-10;348.89;349.69;346.66;349.45;10191300;349.45
2011-05-09;347.86;349.2;346.53;347.6;7312400;347.6
2011-05-06;349.69;350;346.21;346.66;10004800;346.66
2011-05-05;348.4;350.95;346.05;346.75;11998900;346.75
2011-05-04;348.26;351.83;346.88;349.57;13956600;349.57
2011-05-03;347.99;349.89;345.62;348.2;11191000;348.2
2011-05-02;349.74;350.47;345.5;346.28;15779900;346.28
2011-04-29;346.78;353.95;346.67;350.13;35900000;350.13
2011-04-28;346.19;349.75;345.52;346.75;12891400;346.75
2011-04-27;352.24;352.35;347.1;350.15;12696100;350.15
2011-04-26;353.62;354.99;349.35;350.42;12065100;350.42
2011-04-25;350.34;353.75;350.3;353.01;9519500;353.01
2011-04-21;355;355.13;348.52;350.7;26921800;350.7
2011-04-20;343.51;345.75;341.5;342.41;25023800;342.41
2011-04-19;333.1;337.98;331.71;337.86;14977800;337.86
2011-04-18;326.1;332.23;320.16;331.85;21782100;331.85
2011-04-15;333.3;333.64;326.8;327.46;16200200;327.46
2011-04-14;334.8;336;332.06;332.42;10778600;332.42
2011-04-13;335.02;336.14;332.52;336.13;12365000;336.13
2011-04-12;330.49;333.73;330.2;332.4;15201400;332.4
2011-04-11;334.06;335.67;330.02;330.8;14248100;330.8
2011-04-08;339.92;340.15;333.95;335.06;13483400;335.06
2011-04-07;338.1;340.43;336.03;338.08;13337400;338.08
2011-04-06;341.22;343.9;337.14;338.04;14376400;338.04
2011-04-05;336.99;342.25;336;338.89;17240400;338.89
2011-04-04;344.31;344.6;338.4;341.19;16431600;341.19
2011-04-01;351.11;351.59;343.3;344.56;14952200;344.56
2011-03-31;346.36;349.8;346.06;348.51;9786400;348.51
2011-03-30;350.64;350.88;347.44;348.63;11764500;348.63
2011-03-29;347.66;350.96;346.06;350.96;12603600;350.96
2011-03-28;353.15;354.32;350.44;350.44;11048400;350.44
2011-03-25;348.07;352.06;347.02;351.54;16032500;351.54
2011-03-24;341.85;346;338.86;344.97;14454000;344.97
2011-03-23;339.28;340.22;335.95;339.19;13321300;339.19
2011-03-22;342.56;342.62;339.14;341.2;11640100;341.2
2011-03-21;335.99;339.74;335.26;339.3;14621500;339.3
2011-03-18;337.13;338.2;330;330.67;26900500;330.67
2011-03-17;336.83;339.61;330.66;334.64;23550800;334.64
2011-03-16;342;343;326.26;330.01;41500400;330.01
2011-03-15;342.1;347.84;340.1;345.43;25752900;345.43
2011-03-14;353.18;356.48;351.31;353.56;15569900;353.56
2011-03-11;345.33;352.32;345;351.99;16824300;351.99
2011-03-10;349.12;349.77;344.9;346.67;18126400;346.67
2011-03-09;354.69;354.76;350.6;352.47;16189500;352.47
2011-03-08;354.91;357.4;352.25;355.76;12725600;355.76
2011-03-07;361.4;361.67;351.31;355.36;19504400;355.36
2011-03-04;360.07;360.29;357.75;360;16188100;360
2011-03-03;357.19;359.79;355.92;359.56;17885300;359.56
2011-03-02;349.96;354.35;348.4;352.12;21521100;352.12
2011-03-01;355.47;355.72;347.68;349.31;16290600;349.31
2011-02-28;351.24;355.05;351.12;353.21;14395500;353.21
2011-02-25;345.26;348.43;344.8;348.16;13572100;348.16
2011-02-24;344.02;345.15;338.37;342.88;17853600;342.88
2011-02-23;338.77;344.64;338.61;342.62;23994800;342.62
2011-02-22;342.15;345.4;337.72;338.61;31162700;338.61
2011-02-18;358.71;359.5;349.52;350.56;29144900;350.56
2011-02-17;357.25;360.27;356.52;358.3;18949400;358.3
2011-02-16;360.8;364.9;360.5;363.13;17184200;363.13
2011-02-15;359.19;359.97;357.55;359.9;10149100;359.9
2011-02-14;356.79;359.48;356.71;359.18;11086300;359.18
2011-02-11;354.75;357.8;353.54;356.85;13127600;356.85
2011-02-10;357.39;360;348;354.54;33162500;354.54
2011-02-09;355.19;359;354.87;358.16;17240900;358.16
2011-02-08;353.68;355.52;352.15;355.2;13608600;355.2
2011-02-07;347.89;353.25;347.64;351.88;17322200;351.88
2011-02-04;343.64;346.7;343.51;346.5;11494300;346.5
2011-02-03;343.8;344.24;338.55;343.44;14064200;343.44
2011-02-02;344.45;345.25;343.55;344.32;9248400;344.32
2011-02-01;341.3;345.65;340.98;345.03;15236900;345.03
2011-01-31;335.8;340.04;334.3;339.32;13473100;339.32
2011-01-28;344.17;344.4;333.53;336.1;21144900;336.1
2011-01-27;343.78;344.69;342.83;343.21;10179500;343.21
2011-01-26;342.96;345.6;341.5;343.85;18102700;343.85
2011-01-25;336.33;341.44;334.57;341.4;19531000;341.4
2011-01-24;326.87;337.45;326.72;337.45;20524400;337.45
2011-01-21;333.77;334.88;326.63;326.72;26942900;326.72
2011-01-20;336.43;338.3;330.12;332.68;27313900;332.68
2011-01-19;348.35;348.6;336.88;338.84;40557600;338.84
2011-01-18;329.52;344.76;326;340.65;67178500;340.65
2011-01-14;345.89;348.48;344.44;348.48;11030000;348.48
2011-01-13;345.16;346.64;343.85;345.68;10599300;345.68
2011-01-12;343.25;344.43;342;344.42;10806800;344.42
2011-01-11;344.88;344.96;339.47;341.64;15861000;341.64
2011-01-10;338.83;343.23;337.17;342.45;16020000;342.45
2011-01-07;333.99;336.35;331.9;336.12;11140400;336.12
2011-01-06;334.72;335.25;332.9;333.73;10729600;333.73
2011-01-05;329.55;334.34;329.5;334;9125700;334
2011-01-04;332.44;332.5;328.15;331.29;11038600;331.29
2011-01-03;325.64;330.26;324.84;329.57;15897800;329.57
2010-12-31;322.95;323.48;321.31;322.56;6911000;322.56
2010-12-30;325.48;325.51;323.05;323.66;5624800;323.66
2010-12-29;326.22;326.45;325.1;325.29;5826400;325.29
2010-12-28;325.91;326.66;325.06;325.47;6283000;325.47
2010-12-27;322.85;325.44;321.52;324.68;8922000;324.68
2010-12-23;325;325.15;323.17;323.6;7969900;323.6
2010-12-22;324.36;325.72;323.55;325.16;9497200;325.16
2010-12-21;323;324.39;322.05;324.2;9155500;324.2
2010-12-20;321.6;323.25;318.23;322.21;13771800;322.21
2010-12-17;321.63;321.79;320.23;320.61;13818900;320.61
2010-12-16;321.09;322.61;320.1;321.25;11501100;321.25
2010-12-15;320;323;319.19;320.36;14904000;320.36
2010-12-14;321.73;322.54;319;320.29;12536000;320.29
2010-12-13;324.37;325.06;321;321.67;15707700;321.67
2010-12-10;319.65;321.05;318.6;320.56;9375400;320.56
2010-12-09;322.13;322.5;319.02;319.76;10505400;319.76
2010-12-08;319.63;321.02;317.11;321.01;11497700;321.01
2010-12-07;323.8;323.99;318.12;318.21;13980500;318.21
2010-12-06;318.64;322.33;318.42;320.15;16017200;320.15
2010-12-03;317.01;318.65;316.34;317.44;12217600;317.44
2010-12-02;317.53;319;314.89;318.15;16529900;318.15
2010-12-01;315.27;317.75;315;316.4;16491100;316.4
2010-11-30;313.54;314.36;310.87;311.15;17923500;311.15
2010-11-29;315.5;317.48;311.38;316.87;15920900;316.87
2010-11-26;313.74;317.7;312.94;315;8485200;315
2010-11-24;312;315.4;311.75;314.8;14775900;314.8
2010-11-23;310.45;311.75;306.56;308.73;18551700;308.73
2010-11-22;306.68;313.36;305.87;313.36;14038400;313.36
2010-11-19;307.97;308.4;305.24;306.73;13744400;306.73
2010-11-18;305.2;309.67;304.69;308.43;17660400;308.43
2010-11-17;301.2;303.99;297.76;300.5;17123200;300.5
2010-11-16;305.72;307.6;299.32;301.59;23487500;301.59
2010-11-15;308.46;310.54;306.27;307.04;14414500;307.04
2010-11-12;316;316.5;303.63;308.03;28423100;308.03
2010-11-11;315;318.4;314.25;316.65;12903000;316.65
2010-11-10;316.64;318.77;313.55;318.03;13722400;318.03
2010-11-09;321.05;321.3;314.5;316.08;13698000;316.08
2010-11-08;317.2;319.77;316.76;318.62;10062800;318.62
2010-11-05;317.99;319.57;316.75;317.13;12901900;317.13
2010-11-04;315.45;320.18;315.03;318.27;22946000;318.27
2010-11-03;311.37;312.88;308.53;312.8;18155300;312.8
2010-11-02;307;310.19;307;309.36;15497500;309.36
2010-11-01;302.22;305.6;302.2;304.18;15138900;304.18
2010-10-29;304.23;305.88;300.87;300.98;15375400;300.98
2010-10-28;307.95;308;300.9;305.24;19680400;305.24
2010-10-27;307.65;309.9;305.6;307.83;14250100;307.83
2010-10-26;306.87;309.74;305.65;308.05;14033200;308.05
2010-10-25;309.09;311.6;308.44;308.84;14016500;308.84
2010-10-22;309.07;310.04;306.3;307.47;13313500;307.47
2010-10-21;312.36;314.74;306.8;309.52;19695000;309.52
2010-10-20;309;314.25;306.87;310.53;25772300;310.53
2010-10-19;303.4;313.77;300.02;309.49;44028000;309.49
2010-10-18;318.47;319;314.29;318;39036100;318
2010-10-15;307.44;315;304.91;314.74;32935500;314.74
2010-10-14;301.69;302.47;300.4;302.31;15546300;302.31
2010-10-13;300.2;301.96;299.8;300.14;22503300;300.14
2010-10-12;295.41;299.5;292.49;298.54;19948000;298.54
2010-10-11;294.74;297.24;294.6;295.36;15276900;295.36
2010-10-08;291.71;294.5;290;294.07;23514400;294.07
2010-10-07;290.34;290.48;286.91;289.22;14585700;289.22
2010-10-06;289.59;291.99;285.26;289.19;23959600;289.19
2010-10-05;282;289.45;281.82;288.94;17927400;288.94
2010-10-04;281.6;282.9;277.77;278.64;15546500;278.64
2010-10-01;286.15;286.58;281.35;282.52;16005100;282.52
2010-09-30;289;290;281.25;283.75;24049700;283.75
2010-09-29;287.23;289.81;286;287.37;16773000;287.37
2010-09-28;291.77;291.77;275;286.86;36965800;286.86
2010-09-27;293.98;294.73;291.01;291.16;17244100;291.16
2010-09-24;292.1;293.53;290.55;292.32;23196000;292.32
2010-09-23;286.33;292.76;286;288.92;28075600;288.92
2010-09-22;282.71;287.98;282.41;287.75;20903200;287.75
2010-09-21;283.86;287.35;282.79;283.77;23859800;283.77
2010-09-20;276.08;283.78;275.85;283.23;23524200;283.23
2010-09-17;277.69;277.96;273.68;275.37;22659900;275.37
2010-09-16;270.24;276.67;269.5;276.57;23289400;276.57
2010-09-15;268.17;270.38;267.84;270.22;15334600;270.22
2010-09-14;266.21;269.17;265.52;268.06;14576800;268.06
2010-09-13;265.82;268.28;265.76;267.04;13885000;267.04
2010-09-10;263.19;264.5;261.4;263.41;13840800;263.41
2010-09-09;265.04;266.52;262.92;263.07;15663400;263.07
2010-09-08;259.78;264.39;259.1;262.92;18805400;262.92
2010-09-07;256.64;259.53;256.25;257.81;12234200;257.81
